10
0 477 78 263 420 207 351 277 115 17 
477 0 426 429 305 458 147 390 133 391 
78 426 0 145 154 205 118 5 128 265 
263 429 145 0 59 331 334 61 144 459 
420 305 154 59 0 164 22 65 48 386 
207 458 205 331 164 0 50 281 105 392 
351 147 118 334 22 50 0 152 446 362 
277 390 5 61 65 281 152 0 419 59 
115 133 128 144 48 105 446 419 0 35 
17 391 265 459 386 392 362 59 35 0 
