10
0 208 295 2 186 333 395 48 286 112 
208 0 419 484 219 277 130 147 19 430 
295 419 0 114 162 358 484 268 103 399 
2 484 114 0 481 162 69 158 203 307 
186 219 162 481 0 463 159 213 446 171 
333 277 358 162 463 0 96 35 23 281 
395 130 484 69 159 96 0 349 443 167 
48 147 268 158 213 35 349 0 120 29 
286 19 103 203 446 23 443 120 0 28 
112 430 399 307 171 281 167 29 28 0 
